* This data was exported from the Dayton Audio Test System: DATS
*
* Piston Diameter = 0 mm
* f(s)= 25.07 Hz
* R(e)= 4.2 Ohms
* Z(max)= 32.24 Ohms
* Q(ms)= 3.929
* Q(es)= 0.5885
* Q(ts)= 0.5118
* V(as)= 0 liters     (0 cubic feet)
* L(e)= 2.855 mH
* n(0)= 0 %
* SPL= 0 1W/1m
* M(ms)= 0 grams
* C(ms)= 0 mm/N
* BL= 0 
* K(r)= 0.1506 
* X(r)= 0.5232 
* K(i)= 0.04075 
* X(i)= 0.6885 
*
*
Freq            Impedance       Phase
1.029    	4.196    	7.003    
1.059    	4.196    	7.003    
1.091    	4.196    	7.003    
1.122    	4.196    	7.003    
1.155    	4.196    	7.003    
1.189    	4.196    	7.003    
1.224    	4.196    	7.003    
1.260    	4.196    	7.003    
1.297    	4.196    	7.003    
1.335    	4.214    	7.848    
1.374    	4.214    	7.848    
1.414    	4.214    	7.848    
1.456    	4.214    	7.848    
1.498    	4.214    	7.848    
1.542    	4.214    	7.848    
1.587    	4.214    	7.848    
1.634    	4.214    	7.848    
1.682    	4.207    	8.705    
1.731    	4.207    	8.705    
1.782    	4.207    	8.705    
1.834    	4.207    	8.705    
1.888    	4.207    	8.705    
1.943    	4.207    	8.705    
2.000    	4.204    	9.895    
2.059    	4.204    	9.895    
2.119    	4.204    	9.895    
2.181    	4.204    	9.895    
2.245    	4.204    	9.895    
2.311    	4.204    	9.895    
2.378    	4.202    	11.279    
2.448    	4.202    	11.279    
2.520    	4.202    	11.279    
2.594    	4.202    	11.279    
2.670    	4.214    	12.919    
2.748    	4.214    	12.919    
2.828    	4.214    	12.919    
2.911    	4.214    	12.919    
2.997    	4.230    	14.454    
3.084    	4.230    	14.454    
3.175    	4.230    	14.454    
3.268    	4.230    	14.454    
3.364    	4.259    	16.010    
3.462    	4.259    	16.010    
3.564    	4.259    	16.010    
3.668    	4.304    	17.525    
3.775    	4.304    	17.525    
3.886    	4.304    	17.525    
4.000    	4.356    	18.984    
4.117    	4.356    	18.984    
4.238    	4.356    	18.984    
4.362    	4.413    	20.406    
4.490    	4.413    	20.406    
4.621    	4.413    	20.406    
4.757    	4.484    	21.771    
4.896    	4.484    	21.771    
5.040    	4.562    	23.078    
5.187    	4.562    	23.078    
5.339    	4.642    	24.340    
5.496    	4.642    	24.340    
5.657    	4.724    	25.580    
5.823    	4.724    	25.580    
5.993    	4.807    	26.793    
6.169    	4.807    	26.793    
6.350    	4.891    	27.966    
6.536    	4.891    	27.966    
6.727    	4.990    	29.107    
6.924    	4.990    	29.107    
7.127    	5.102    	30.225    
7.336    	5.205    	31.334    
7.551    	5.205    	31.334    
7.772    	5.302    	32.429    
8.000    	5.407    	33.495    
8.234    	5.407    	33.495    
8.476    	5.523    	34.546    
8.724    	5.645    	35.584    
8.980    	5.768    	36.598    
9.243    	5.768    	36.598    
9.514    	5.901    	37.589    
9.792    	6.046    	38.558    
10.079    	6.193    	39.503    
10.375    	6.349    	40.416    
10.679    	6.516    	41.289    
10.992    	6.686    	42.130    
11.314    	6.862    	42.944    
11.645    	7.049    	43.720    
11.986    	7.247    	44.457    
12.338    	7.452    	45.155    
12.699    	7.659    	45.807    
13.071    	7.877    	46.416    
13.454    	8.119    	46.982    
13.849    	8.375    	47.507    
14.254    	8.637    	47.994    
14.672    	9.069    	48.642    
15.102    	9.559    	49.200    
15.545    	9.919    	49.500    
16.000    	10.485    	49.807    
16.469    	11.107    	49.945    
16.951    	11.839    	49.809    
17.448    	12.614    	49.390    
17.959    	13.472    	48.698    
18.486    	14.340    	47.914    
19.027    	15.190    	47.015    
19.585    	16.578    	45.555    
20.159    	17.865    	44.170    
20.749    	19.330    	42.272    
21.357    	21.397    	38.865    
21.983    	23.636    	34.402    
22.627    	26.116    	28.788    
23.290    	28.626    	21.839    
23.973    	30.785    	13.560    
24.675    	32.033    	4.245    
25.398    	32.028    	-5.415    
26.143    	30.640    	-14.509    
26.909    	27.627    	-23.763    
27.697    	24.582    	-30.604    
28.509    	22.686    	-34.671    
29.344    	20.548    	-38.773    
30.204    	18.116    	-42.591    
31.089    	16.321    	-44.743    
32.000    	14.762    	-46.099    
32.938    	13.391    	-46.927    
33.903    	12.205    	-47.320    
34.896    	11.231    	-47.310    
35.919    	10.435    	-46.961    
36.971    	9.771    	-46.306    
38.055    	9.219    	-45.433    
39.170    	8.682    	-44.288    
40.317    	8.209    	-43.044    
41.499    	7.828    	-41.803    
42.715    	7.485    	-40.650    
43.967    	7.147    	-39.267    
45.255    	6.791    	-37.508    
46.581    	6.494    	-35.407    
47.946    	6.264    	-33.181    
49.351    	6.112    	-31.157    
50.797    	5.921    	-29.332    
52.285    	5.732    	-27.716    
53.817    	5.573    	-26.288    
55.394    	5.408    	-24.639    
57.018    	5.287    	-23.069    
58.688    	5.193    	-21.268    
60.408    	5.114    	-19.262    
62.178    	5.038    	-17.478    
64.000    	4.960    	-15.729    
65.875    	4.902    	-13.690    
67.806    	4.875    	-11.357    
69.792    	4.854    	-9.237    
71.838    	4.818    	-7.370    
73.943    	4.794    	-5.684    
76.109    	4.783    	-4.065    
78.339    	4.778    	-2.603    
80.635    	4.765    	-1.012    
82.998    	4.758    	0.750    
85.430    	4.754    	2.445    
87.933    	4.770    	4.191    
90.510    	4.794    	5.839    
93.162    	4.827    	7.335    
95.892    	4.861    	9.026    
98.701    	4.890    	10.580    
101.594    	4.929    	12.083    
104.571    	4.979    	13.620    
107.635    	5.030    	15.017    
110.789    	5.088    	16.397    
114.035    	5.156    	17.778    
117.377    	5.213    	18.982    
120.816    	5.275    	20.209    
124.356    	5.343    	21.417    
128.000    	5.417    	22.655    
131.751    	5.503    	23.903    
135.611    	5.587    	25.008    
139.585    	5.671    	26.069    
143.675    	5.760    	27.253    
147.885    	5.853    	28.320    
152.219    	5.949    	29.281    
156.679    	6.053    	30.299    
161.270    	6.156    	31.307    
165.995    	6.267    	32.195    
170.860    	6.379    	33.107    
175.866    	6.488    	34.005    
181.019    	6.603    	34.803    
186.324    	6.724    	35.656    
191.783    	6.848    	36.464    
197.403    	6.978    	37.281    
203.187    	7.103    	38.049    
209.141    	7.236    	38.794    
215.269    	7.376    	39.612    
221.577    	7.524    	40.312    
228.070    	7.676    	41.032    
234.753    	7.823    	41.678    
241.632    	7.982    	42.337    
248.712    	8.140    	42.995    
256.000    	8.307    	43.641    
263.501    	8.478    	44.232    
271.223    	8.658    	44.815    
279.170    	8.842    	45.368    
287.350    	9.033    	45.923    
295.770    	9.229    	46.458    
304.437    	9.421    	46.954    
313.358    	9.632    	47.431    
322.540    	9.849    	47.877    
331.991    	10.069    	48.319    
341.719    	10.295    	48.690    
351.732    	10.532    	49.037    
362.039    	10.758    	49.324    
372.647    	10.993    	49.660    
383.567    	11.241    	50.010    
394.806    	11.496    	50.273    
406.375    	11.766    	50.569    
418.282    	12.054    	50.754    
430.539    	12.353    	50.863    
443.155    	12.673    	50.842    
456.140    	12.993    	50.471    
469.506    	13.210    	49.839    
483.264    	13.307    	49.346    
497.424    	13.331    	49.390    
512.000    	13.410    	49.982    
527.003    	13.582    	50.646    
542.445    	13.794    	51.306    
558.340    	14.050    	52.041    
574.701    	14.341    	52.618    
591.541    	14.669    	53.114    
608.874    	14.995    	53.477    
626.715    	15.328    	53.809    
645.080    	15.673    	54.103    
663.982    	16.020    	54.358    
683.438    	16.368    	54.593    
703.464    	16.726    	54.781    
724.077    	17.085    	54.989    
745.294    	17.479    	55.179    
767.133    	17.838    	55.154    
789.612    	18.174    	55.363    
812.749    	18.553    	55.562    
836.565    	18.944    	55.734    
861.078    	19.346    	55.880    
886.309    	19.754    	55.981    
912.280    	20.171    	56.117    
939.012    	20.585    	56.207    
966.527    	21.018    	56.332    
994.849    	21.462    	56.407    
1024.000    	21.889    	56.464    
1054.005    	22.335    	56.516    
1084.890    	22.800    	56.644    
1116.680    	23.266    	56.721    
1149.401    	23.753    	56.805    
1183.081    	24.244    	56.860    
1217.748    	24.745    	56.892    
1253.431    	25.240    	56.946    
1290.159    	25.764    	57.004    
1327.964    	26.297    	57.035    
1366.876    	26.847    	57.043    
1406.929    	27.399    	57.059    
1448.155    	27.980    	57.001    
1490.589    	28.530    	56.886    
1534.266    	29.048    	56.786    
1579.224    	29.550    	56.833    
1625.499    	30.073    	56.905    
1673.129    	30.658    	57.007    
1722.156    	31.267    	57.077    
1772.619    	31.895    	57.118    
1824.561    	32.537    	57.150    
1878.024    	33.193    	57.160    
1933.055    	33.848    	57.144    
1989.697    	34.517    	57.146    
2048.000    	35.195    	57.094    
2108.011    	35.888    	57.067    
2169.780    	36.583    	57.031    
2233.360    	37.276    	56.981    
2298.802    	37.963    	56.908    
2366.162    	38.626    	56.909    
2435.496    	39.336    	56.968    
2506.862    	40.104    	57.009    
2580.318    	40.889    	56.987    
2655.927    	41.702    	56.956    
2733.752    	42.506    	56.856    
2813.857    	43.240    	56.726    
2896.309    	43.925    	56.743    
2981.178    	44.730    	56.851    
3068.533    	45.570    	56.876    
3158.448    	46.432    	56.875    
3250.997    	47.301    	56.875    
3346.259    	48.179    	56.869    
3444.312    	49.065    	56.856    
3545.238    	49.966    	56.835    
3649.121    	50.867    	56.826    
3756.049    	51.783    	56.838    
3866.109    	52.728    	56.841    
3979.395    	53.687    	56.839    
4096.000    	54.654    	56.837    
4216.022    	55.636    	56.844    
4339.561    	56.633    	56.847    
4466.720    	57.637    	56.855    
4597.605    	58.666    	56.873    
4732.325    	59.710    	56.898    
4870.992    	60.764    	56.921    
5013.723    	61.845    	56.952    
5160.637    	62.949    	56.975    
5311.855    	64.058    	57.005    
5467.504    	65.185    	57.041    
5627.714    	66.341    	57.081    
5792.619    	67.512    	57.125    
5962.355    	68.698    	57.184    
6137.066    	69.916    	57.235    
6316.896    	71.156    	57.296    
6501.995    	72.406    	57.355    
6692.518    	73.708    	57.425    
6888.623    	75.018    	57.499    
7090.476    	76.352    	57.573    
7298.242    	77.721    	57.651    
7512.097    	79.116    	57.733    
7732.218    	80.538    	57.822    
7958.790    	81.986    	57.912    
8192.000    	83.466    	58.007    
8432.044    	84.980    	58.106    
8679.122    	86.519    	58.208    
8933.439    	88.104    	58.311    
9195.209    	89.716    	58.420    
9464.649    	91.364    	58.532    
9741.985    	93.040    	58.646    
10027.447    	94.758    	58.764    
10321.273    	96.517    	58.885    
10623.710    	98.316    	59.011    
10935.008    	100.164    	59.137    
11255.428    	102.047    	59.257    
11585.238    	103.987    	59.381    
11924.711    	105.973    	59.510    
12274.132    	107.999    	59.637    
12633.791    	110.086    	59.768    
13003.989    	112.212    	59.902    
13385.035    	114.396    	60.029    
13777.247    	116.622    	60.155    
14180.951    	118.899    	60.288    
14596.485    	121.240    	60.414    
15024.194    	123.625    	60.540    
15464.437    	126.091    	60.659    
15917.579    	128.575    	60.794    
16384.000    	131.168    	60.918    
16864.088    	133.795    	61.044    
17358.243    	136.447    	61.167    
17866.879    	139.098    	61.295    
18390.418    	141.739    	61.427    
18929.299    	144.413    	61.564    
19483.969    	147.094    	61.703    
20054.893    	149.730    	61.857    
20642.546    	152.244    	62.035    
