* This data was exported from the Dayton Audio Test System: DATS
*
* Piston Diameter = 0 mm
* f(s)= 69.41 Hz
* R(e)= 3.117 Ohms
* Z(max)= 28.75 Ohms
* Q(ms)= 5.518
* Q(es)= 0.6708
* Q(ts)= 0.598
* V(as)= 0 liters     (0 cubic feet)
* L(e)= 0.2988 mH
* n(0)= 0 %
* SPL= 0 1W/1m
* M(ms)= 0 grams
* C(ms)= 0 mm/N
* BL= 0 
* K(r)= 0.0325 
* X(r)= 0.5121 
* K(i)= 0.006023 
* X(i)= 0.6835 
*
*
Freq            Impedance       Phase
1.029    	3.128    	2.162    
1.059    	3.128    	2.162    
1.091    	3.128    	2.162    
1.122    	3.128    	2.162    
1.155    	3.128    	2.162    
1.189    	3.128    	2.162    
1.224    	3.128    	2.162    
1.260    	3.128    	2.162    
1.297    	3.128    	2.162    
1.335    	3.124    	2.424    
1.374    	3.124    	2.424    
1.414    	3.124    	2.424    
1.456    	3.124    	2.424    
1.498    	3.124    	2.424    
1.542    	3.124    	2.424    
1.587    	3.124    	2.424    
1.634    	3.124    	2.424    
1.682    	3.122    	2.666    
1.731    	3.122    	2.666    
1.782    	3.122    	2.666    
1.834    	3.122    	2.666    
1.888    	3.122    	2.666    
1.943    	3.122    	2.666    
2.000    	3.126    	2.983    
2.059    	3.126    	2.983    
2.119    	3.126    	2.983    
2.181    	3.126    	2.983    
2.245    	3.126    	2.983    
2.311    	3.126    	2.983    
2.378    	3.131    	3.378    
2.448    	3.131    	3.378    
2.520    	3.131    	3.378    
2.594    	3.131    	3.378    
2.670    	3.133    	3.860    
2.748    	3.133    	3.860    
2.828    	3.133    	3.860    
2.911    	3.133    	3.860    
2.997    	3.132    	4.322    
3.084    	3.132    	4.322    
3.175    	3.132    	4.322    
3.268    	3.132    	4.322    
3.364    	3.139    	4.773    
3.462    	3.139    	4.773    
3.564    	3.139    	4.773    
3.668    	3.142    	5.198    
3.775    	3.142    	5.198    
3.886    	3.142    	5.198    
4.000    	3.151    	5.617    
4.117    	3.151    	5.617    
4.238    	3.151    	5.617    
4.362    	3.151    	6.020    
4.490    	3.151    	6.020    
4.621    	3.151    	6.020    
4.757    	3.157    	6.404    
4.896    	3.157    	6.404    
5.040    	3.161    	6.786    
5.187    	3.161    	6.786    
5.339    	3.167    	7.178    
5.496    	3.167    	7.178    
5.657    	3.170    	7.599    
5.823    	3.170    	7.599    
5.993    	3.170    	8.039    
6.169    	3.170    	8.039    
6.350    	3.174    	8.489    
6.536    	3.174    	8.489    
6.727    	3.185    	8.951    
6.924    	3.185    	8.951    
7.127    	3.200    	9.416    
7.336    	3.216    	9.872    
7.551    	3.216    	9.872    
7.772    	3.226    	10.300    
8.000    	3.233    	10.688    
8.234    	3.233    	10.688    
8.476    	3.239    	11.059    
8.724    	3.243    	11.428    
8.980    	3.247    	11.798    
9.243    	3.247    	11.798    
9.514    	3.251    	12.184    
9.792    	3.258    	12.596    
10.079    	3.268    	13.041    
10.375    	3.278    	13.506    
10.679    	3.287    	13.963    
10.992    	3.296    	14.413    
11.314    	3.308    	14.857    
11.645    	3.323    	15.280    
11.986    	3.339    	15.675    
12.338    	3.354    	16.043    
12.699    	3.365    	16.390    
13.071    	3.372    	16.731    
13.454    	3.380    	17.067    
13.849    	3.390    	17.400    
14.254    	3.400    	17.745    
14.672    	3.416    	18.304    
15.102    	3.436    	18.900    
15.545    	3.449    	19.307    
16.000    	3.467    	19.929    
16.469    	3.487    	20.564    
16.951    	3.512    	21.162    
17.448    	3.539    	21.718    
17.959    	3.570    	22.270    
18.486    	3.601    	22.802    
19.027    	3.627    	23.300    
19.585    	3.656    	23.989    
20.159    	3.680    	24.515    
20.749    	3.706    	25.061    
21.357    	3.742    	25.854    
21.983    	3.776    	26.687    
22.627    	3.816    	27.530    
23.290    	3.861    	28.326    
23.973    	3.907    	29.065    
24.675    	3.959    	29.775    
25.398    	4.012    	30.482    
26.143    	4.062    	31.154    
26.909    	4.122    	31.987    
27.697    	4.180    	32.829    
28.509    	4.225    	33.540    
29.344    	4.291    	34.433    
30.204    	4.383    	35.487    
31.089    	4.469    	36.336    
32.000    	4.569    	37.183    
32.938    	4.686    	38.017    
33.903    	4.812    	38.879    
34.896    	4.940    	39.794    
35.919    	5.073    	40.794    
36.971    	5.211    	41.849    
38.055    	5.361    	42.921    
39.170    	5.550    	44.133    
40.317    	5.754    	45.237    
41.499    	5.982    	46.135    
42.715    	6.238    	46.879    
43.967    	6.513    	47.683    
45.255    	6.854    	48.383    
46.581    	7.234    	49.108    
47.946    	7.659    	49.820    
49.351    	8.151    	50.437    
50.797    	8.779    	51.274    
52.285    	9.534    	51.937    
53.817    	10.447    	52.228    
55.394    	11.652    	51.987    
57.018    	12.933    	50.964    
58.688    	14.470    	48.911    
60.408    	16.751    	44.919    
62.178    	19.473    	39.346    
64.000    	22.343    	32.476    
65.875    	25.379    	22.937    
67.806    	27.894    	9.972    
69.792    	28.589    	-5.327    
71.838    	26.813    	-20.347    
73.943    	23.471    	-32.228    
76.109    	19.844    	-40.680    
78.339    	16.894    	-46.067    
80.635    	14.762    	-49.181    
82.998    	13.078    	-50.825    
85.430    	11.645    	-51.934    
87.933    	10.396    	-52.965    
90.510    	9.447    	-53.610    
93.162    	8.725    	-53.394    
95.892    	8.072    	-52.443    
98.701    	7.529    	-51.340    
101.594    	7.008    	-50.458    
104.571    	6.536    	-49.971    
107.635    	6.236    	-49.311    
110.789    	5.988    	-47.643    
114.035    	5.698    	-45.675    
117.377    	5.413    	-44.443    
120.816    	5.175    	-44.075    
124.356    	5.047    	-43.399    
128.000    	4.936    	-41.038    
131.751    	4.690    	-38.479    
135.611    	4.460    	-37.669    
139.585    	4.355    	-37.437    
143.675    	4.330    	-35.784    
147.885    	4.210    	-33.113    
152.219    	4.039    	-31.889    
156.679    	3.962    	-31.318    
161.270    	3.937    	-29.793    
165.995    	3.862    	-27.749    
170.860    	3.771    	-26.668    
175.866    	3.722    	-25.488    
181.019    	3.682    	-24.127    
186.324    	3.629    	-22.755    
191.783    	3.597    	-21.541    
197.403    	3.559    	-20.234    
203.187    	3.529    	-19.069    
209.141    	3.501    	-17.926    
215.269    	3.467    	-16.672    
221.577    	3.455    	-15.556    
228.070    	3.428    	-14.371    
234.753    	3.415    	-13.244    
241.632    	3.399    	-12.163    
248.712    	3.392    	-11.113    
256.000    	3.385    	-10.069    
263.501    	3.375    	-9.136    
271.223    	3.365    	-8.162    
279.170    	3.360    	-7.165    
287.350    	3.351    	-6.162    
295.770    	3.352    	-5.132    
304.437    	3.350    	-4.212    
313.358    	3.358    	-3.277    
322.540    	3.365    	-2.443    
331.991    	3.364    	-1.635    
341.719    	3.365    	-0.723    
351.732    	3.367    	0.160    
362.039    	3.375    	1.030    
372.647    	3.384    	1.940    
383.567    	3.394    	2.817    
394.806    	3.403    	3.678    
406.375    	3.415    	4.477    
418.282    	3.428    	5.288    
430.539    	3.445    	6.127    
443.155    	3.461    	6.936    
456.140    	3.481    	7.711    
469.506    	3.494    	8.462    
483.264    	3.517    	9.256    
497.424    	3.535    	9.961    
512.000    	3.556    	10.777    
527.003    	3.581    	11.517    
542.445    	3.607    	12.358    
558.340    	3.642    	13.062    
574.701    	3.673    	13.575    
591.541    	3.697    	14.175    
608.874    	3.720    	14.790    
626.715    	3.741    	15.412    
645.080    	3.765    	16.121    
663.982    	3.791    	16.918    
683.438    	3.821    	17.656    
703.464    	3.859    	18.376    
724.077    	3.896    	19.075    
745.294    	3.934    	19.728    
767.133    	3.978    	20.402    
789.612    	4.024    	21.077    
812.749    	4.076    	21.676    
836.565    	4.118    	22.068    
861.078    	4.155    	22.661    
886.309    	4.209    	23.221    
912.280    	4.258    	23.593    
939.012    	4.291    	24.023    
966.527    	4.332    	24.591    
994.849    	4.383    	25.194    
1024.000    	4.429    	25.566    
1054.005    	4.468    	26.118    
1084.890    	4.521    	26.741    
1116.680    	4.579    	27.235    
1149.401    	4.629    	27.696    
1183.081    	4.679    	28.285    
1217.748    	4.741    	28.751    
1253.431    	4.797    	29.269    
1290.159    	4.863    	29.830    
1327.964    	4.937    	30.261    
1366.876    	5.009    	30.669    
1406.929    	5.085    	30.974    
1448.155    	5.157    	31.262    
1490.589    	5.219    	31.398    
1534.266    	5.279    	31.639    
1579.224    	5.333    	31.881    
1625.499    	5.377    	32.115    
1673.129    	5.422    	32.486    
1722.156    	5.459    	32.888    
1772.619    	5.507    	33.450    
1824.561    	5.563    	34.029    
1878.024    	5.625    	34.641    
1933.055    	5.695    	35.200    
1989.697    	5.771    	35.798    
2048.000    	5.851    	36.380    
2108.011    	5.943    	36.959    
2169.780    	6.037    	37.472    
2233.360    	6.140    	37.966    
2298.802    	6.238    	38.253    
2366.162    	6.331    	38.560    
2435.496    	6.410    	38.925    
2506.862    	6.495    	39.387    
2580.318    	6.587    	39.876    
2655.927    	6.693    	40.387    
2733.752    	6.802    	40.869    
2813.857    	6.920    	41.282    
2896.309    	7.040    	41.692    
2981.178    	7.163    	42.063    
3068.533    	7.290    	42.396    
3158.448    	7.417    	42.647    
3250.997    	7.543    	42.902    
3346.259    	7.664    	43.164    
3444.312    	7.782    	43.405    
3545.238    	7.898    	43.687    
3649.121    	8.019    	44.015    
3756.049    	8.149    	44.382    
3866.109    	8.283    	44.768    
3979.395    	8.428    	45.122    
4096.000    	8.578    	45.444    
4216.022    	8.726    	45.713    
4339.561    	8.876    	46.006    
4466.720    	9.036    	46.299    
4597.605    	9.192    	46.574    
4732.325    	9.362    	46.868    
4870.992    	9.535    	47.106    
5013.723    	9.702    	47.296    
5160.637    	9.873    	47.530    
5311.855    	10.047    	47.769    
5467.504    	10.229    	48.022    
5627.714    	10.425    	48.298    
5792.619    	10.639    	48.515    
5962.355    	10.861    	48.600    
6137.066    	11.066    	48.544    
6316.896    	11.229    	48.513    
6501.995    	11.405    	48.720    
6692.518    	11.604    	48.815    
6888.623    	11.779    	48.958    
7090.476    	11.969    	49.191    
7298.242    	12.172    	49.422    
7512.097    	12.389    	49.645    
7732.218    	12.605    	49.847    
7958.790    	12.838    	50.094    
8192.000    	13.092    	50.311    
8432.044    	13.365    	50.408    
8679.122    	13.606    	50.418    
8933.439    	13.849    	50.539    
9195.209    	14.110    	50.590    
9464.649    	14.368    	50.625    
9741.985    	14.627    	50.590    
10027.447    	14.853    	50.496    
10321.273    	15.040    	50.580    
10623.710    	15.273    	50.810    
10935.008    	15.501    	51.011    
11255.428    	15.764    	51.299    
11585.238    	16.058    	51.553    
11924.711    	16.364    	51.723    
12274.132    	16.672    	51.876    
12633.791    	16.985    	52.025    
13003.989    	17.303    	52.143    
13385.035    	17.628    	52.253    
13777.247    	17.956    	52.358    
14180.951    	18.284    	52.444    
14596.485    	18.622    	52.545    
15024.194    	18.970    	52.607    
15464.437    	19.318    	52.682    
15917.579    	19.681    	52.744    
16384.000    	20.028    	52.736    
16864.088    	20.374    	52.823    
17358.243    	20.732    	52.915    
17866.879    	21.077    	52.977    
18390.418    	21.415    	53.062    
18929.299    	21.741    	53.136    
19483.969    	22.059    	53.225    
20054.893    	22.354    	53.323    
20642.546    	22.604    	53.532    
