* This data was exported from the Dayton Audio Test System: DATS
*
* Piston Diameter = 0 mm
* f(s)= 631.9 Hz
* R(e)= 3.274 Ohms
* Z(max)= 8.147 Ohms
* Q(ms)= 2.692
* Q(es)= 1.808
* Q(ts)= 1.082
* V(as)= 0 liters     (0 cubic feet)
* L(e)= 0 mH
* n(0)= 0 %
* SPL= 0 1W/1m
* M(ms)= 0 grams
* C(ms)= 0 mm/N
* BL= 0 
* K(r)= 1.239 
* X(r)= 0.09924 
* K(i)= 5.7e-06 
* X(i)= 0.9878 
*
*
Freq            Impedance       Phase
1.029    	3.280    	-0.601    
1.059    	3.280    	-0.601    
1.091    	3.280    	-0.601    
1.122    	3.280    	-0.601    
1.155    	3.280    	-0.601    
1.189    	3.280    	-0.601    
1.224    	3.280    	-0.601    
1.260    	3.280    	-0.601    
1.297    	3.280    	-0.601    
1.335    	3.273    	-0.516    
1.374    	3.273    	-0.516    
1.414    	3.273    	-0.516    
1.456    	3.273    	-0.516    
1.498    	3.273    	-0.516    
1.542    	3.273    	-0.516    
1.587    	3.273    	-0.516    
1.634    	3.273    	-0.516    
1.682    	3.268    	-0.421    
1.731    	3.268    	-0.421    
1.782    	3.268    	-0.421    
1.834    	3.268    	-0.421    
1.888    	3.268    	-0.421    
1.943    	3.268    	-0.421    
2.000    	3.269    	-0.329    
2.059    	3.269    	-0.329    
2.119    	3.269    	-0.329    
2.181    	3.269    	-0.329    
2.245    	3.269    	-0.329    
2.311    	3.269    	-0.329    
2.378    	3.271    	-0.213    
2.448    	3.271    	-0.213    
2.520    	3.271    	-0.213    
2.594    	3.271    	-0.213    
2.670    	3.273    	-0.094    
2.748    	3.273    	-0.094    
2.828    	3.273    	-0.094    
2.911    	3.273    	-0.094    
2.997    	3.271    	0.051    
3.084    	3.271    	0.051    
3.175    	3.271    	0.051    
3.268    	3.271    	0.051    
3.364    	3.275    	0.116    
3.462    	3.275    	0.116    
3.564    	3.275    	0.116    
3.668    	3.271    	0.185    
3.775    	3.271    	0.185    
3.886    	3.271    	0.185    
4.000    	3.272    	0.236    
4.117    	3.272    	0.236    
4.238    	3.272    	0.236    
4.362    	3.267    	0.291    
4.490    	3.267    	0.291    
4.621    	3.267    	0.291    
4.757    	3.268    	0.307    
4.896    	3.268    	0.307    
5.040    	3.270    	0.303    
5.187    	3.270    	0.303    
5.339    	3.273    	0.315    
5.496    	3.273    	0.315    
5.657    	3.275    	0.332    
5.823    	3.275    	0.332    
5.993    	3.273    	0.355    
6.169    	3.273    	0.355    
6.350    	3.271    	0.388    
6.536    	3.271    	0.388    
6.727    	3.269    	0.417    
6.924    	3.269    	0.417    
7.127    	3.267    	0.434    
7.336    	3.266    	0.443    
7.551    	3.266    	0.443    
7.772    	3.265    	0.459    
8.000    	3.265    	0.487    
8.234    	3.265    	0.487    
8.476    	3.264    	0.513    
8.724    	3.264    	0.531    
8.980    	3.263    	0.539    
9.243    	3.263    	0.539    
9.514    	3.263    	0.539    
9.792    	3.263    	0.538    
10.079    	3.262    	0.540    
10.375    	3.262    	0.545    
10.679    	3.261    	0.557    
10.992    	3.261    	0.562    
11.314    	3.261    	0.560    
11.645    	3.262    	0.558    
11.986    	3.263    	0.563    
12.338    	3.264    	0.570    
12.699    	3.266    	0.575    
13.071    	3.267    	0.579    
13.454    	3.267    	0.588    
13.849    	3.268    	0.606    
14.254    	3.268    	0.629    
14.672    	3.269    	0.667    
15.102    	3.270    	0.701    
15.545    	3.271    	0.721    
16.000    	3.272    	0.752    
16.469    	3.272    	0.793    
16.951    	3.273    	0.836    
17.448    	3.273    	0.874    
17.959    	3.273    	0.911    
18.486    	3.273    	0.951    
19.027    	3.273    	0.997    
19.585    	3.272    	1.040    
20.159    	3.271    	1.058    
20.749    	3.271    	1.078    
21.357    	3.270    	1.102    
21.983    	3.270    	1.126    
22.627    	3.269    	1.156    
23.290    	3.269    	1.184    
23.973    	3.268    	1.211    
24.675    	3.268    	1.238    
25.398    	3.269    	1.260    
26.143    	3.269    	1.270    
26.909    	3.270    	1.275    
27.697    	3.271    	1.285    
28.509    	3.272    	1.309    
29.344    	3.274    	1.368    
30.204    	3.275    	1.459    
31.089    	3.276    	1.534    
32.000    	3.276    	1.601    
32.938    	3.276    	1.676    
33.903    	3.276    	1.758    
34.896    	3.275    	1.821    
35.919    	3.275    	1.869    
36.971    	3.273    	1.900    
38.055    	3.272    	1.923    
39.170    	3.272    	1.937    
40.317    	3.273    	1.931    
41.499    	3.273    	1.926    
42.715    	3.277    	1.972    
43.967    	3.281    	2.096    
45.255    	3.282    	2.218    
46.581    	3.283    	2.319    
47.946    	3.282    	2.415    
49.351    	3.283    	2.533    
50.797    	3.280    	2.604    
52.285    	3.274    	2.604    
53.817    	3.278    	2.608    
55.394    	3.284    	2.653    
57.018    	3.285    	2.708    
58.688    	3.287    	2.802    
60.408    	3.289    	2.984    
62.178    	3.289    	3.141    
64.000    	3.285    	3.195    
65.875    	3.283    	3.245    
67.806    	3.284    	3.309    
69.792    	3.288    	3.346    
71.838    	3.293    	3.457    
73.943    	3.295    	3.604    
76.109    	3.294    	3.764    
78.339    	3.294    	3.915    
80.635    	3.293    	3.975    
82.998    	3.295    	4.021    
85.430    	3.300    	4.105    
87.933    	3.307    	4.286    
90.510    	3.306    	4.490    
93.162    	3.304    	4.561    
95.892    	3.303    	4.639    
98.701    	3.307    	4.816    
101.594    	3.314    	5.004    
104.571    	3.316    	5.135    
107.635    	3.312    	5.263    
110.789    	3.314    	5.372    
114.035    	3.325    	5.569    
117.377    	3.325    	5.798    
120.816    	3.323    	5.940    
124.356    	3.326    	6.026    
128.000    	3.335    	6.172    
131.751    	3.337    	6.466    
135.611    	3.334    	6.621    
139.585    	3.340    	6.731    
143.675    	3.350    	7.016    
147.885    	3.350    	7.290    
152.219    	3.355    	7.449    
156.679    	3.365    	7.617    
161.270    	3.366    	7.933    
165.995    	3.370    	8.147    
170.860    	3.383    	8.414    
175.866    	3.383    	8.724    
181.019    	3.389    	8.896    
186.324    	3.401    	9.169    
191.783    	3.404    	9.479    
197.403    	3.417    	9.728    
203.187    	3.424    	10.109    
209.141    	3.433    	10.351    
215.269    	3.447    	10.746    
221.577    	3.456    	11.042    
228.070    	3.470    	11.438    
234.753    	3.481    	11.800    
241.632    	3.498    	12.176    
248.712    	3.512    	12.547    
256.000    	3.530    	12.982    
263.501    	3.545    	13.373    
271.223    	3.570    	13.820    
279.170    	3.591    	14.249    
287.350    	3.615    	14.747    
295.770    	3.641    	15.242    
304.437    	3.667    	15.742    
313.358    	3.702    	16.255    
322.540    	3.736    	16.813    
331.991    	3.777    	17.378    
341.719    	3.821    	17.966    
351.732    	3.870    	18.572    
362.039    	3.924    	19.179    
372.647    	3.986    	19.839    
383.567    	4.056    	20.497    
394.806    	4.136    	21.138    
406.375    	4.224    	21.777    
418.282    	4.327    	22.406    
430.539    	4.447    	23.023    
443.155    	4.583    	23.603    
456.140    	4.744    	24.013    
469.506    	4.925    	24.324    
483.264    	5.135    	24.464    
497.424    	5.372    	24.386    
512.000    	5.644    	23.993    
527.003    	5.954    	23.206    
542.445    	6.296    	22.030    
558.340    	6.668    	20.375    
574.701    	7.080    	18.003    
591.541    	7.501    	14.666    
608.874    	7.856    	10.400    
626.715    	8.099    	5.390    
645.080    	8.169    	-0.111    
663.982    	8.042    	-5.554    
683.438    	7.745    	-10.369    
703.464    	7.358    	-14.320    
724.077    	6.912    	-17.345    
745.294    	6.479    	-19.256    
767.133    	6.086    	-20.284    
789.612    	5.757    	-20.474    
812.749    	5.524    	-20.451    
836.565    	5.313    	-20.581    
861.078    	5.131    	-20.361    
886.309    	4.967    	-20.316    
912.280    	4.819    	-19.972    
939.012    	4.686    	-19.845    
966.527    	4.556    	-19.448    
994.849    	4.447    	-18.808    
1024.000    	4.364    	-18.364    
1054.005    	4.258    	-17.981    
1084.890    	4.181    	-17.239    
1116.680    	4.117    	-16.600    
1149.401    	4.068    	-16.081    
1183.081    	4.009    	-15.478    
1217.748    	3.983    	-14.833    
1253.431    	3.953    	-14.536    
1290.159    	3.920    	-14.408    
1327.964    	3.863    	-14.271    
1366.876    	3.813    	-13.801    
1406.929    	3.771    	-13.284    
1448.155    	3.736    	-12.815    
1490.589    	3.696    	-12.376    
1534.266    	3.665    	-11.885    
1579.224    	3.634    	-11.393    
1625.499    	3.607    	-10.858    
1673.129    	3.581    	-10.341    
1722.156    	3.558    	-9.834    
1772.619    	3.535    	-9.339    
1824.561    	3.518    	-8.698    
1878.024    	3.508    	-8.225    
1933.055    	3.497    	-7.757    
1989.697    	3.488    	-7.244    
2048.000    	3.480    	-6.770    
2108.011    	3.471    	-6.328    
2169.780    	3.469    	-5.889    
2233.360    	3.465    	-5.442    
2298.802    	3.461    	-5.020    
2366.162    	3.460    	-4.631    
2435.496    	3.457    	-4.263    
2506.862    	3.456    	-3.880    
2580.318    	3.454    	-3.527    
2655.927    	3.457    	-3.177    
2733.752    	3.459    	-2.862    
2813.857    	3.461    	-2.574    
2896.309    	3.463    	-2.249    
2981.178    	3.464    	-1.940    
3068.533    	3.467    	-1.661    
3158.448    	3.473    	-1.388    
3250.997    	3.478    	-1.128    
3346.259    	3.483    	-0.837    
3444.312    	3.486    	-0.625    
3545.238    	3.492    	-0.343    
3649.121    	3.500    	-0.160    
3756.049    	3.505    	0.037    
3866.109    	3.512    	0.221    
3979.395    	3.516    	0.401    
4096.000    	3.520    	0.514    
4216.022    	3.522    	0.610    
4339.561    	3.522    	0.789    
4466.720    	3.524    	0.991    
4597.605    	3.524    	1.144    
4732.325    	3.521    	1.348    
4870.992    	3.525    	1.579    
5013.723    	3.527    	1.811    
5160.637    	3.532    	2.059    
5311.855    	3.538    	2.302    
5467.504    	3.543    	2.497    
5627.714    	3.552    	2.707    
5792.619    	3.559    	2.803    
5962.355    	3.562    	2.872    
6137.066    	3.561    	3.050    
6316.896    	3.562    	3.271    
6501.995    	3.567    	3.504    
6692.518    	3.574    	3.692    
6888.623    	3.579    	3.937    
7090.476    	3.585    	4.156    
7298.242    	3.590    	4.267    
7512.097    	3.595    	4.435    
7732.218    	3.600    	4.645    
7958.790    	3.608    	4.829    
8192.000    	3.615    	4.989    
8432.044    	3.623    	5.148    
8679.122    	3.628    	5.296    
8933.439    	3.636    	5.456    
9195.209    	3.642    	5.645    
9464.649    	3.649    	5.862    
9741.985    	3.656    	6.088    
10027.447    	3.666    	6.223    
10321.273    	3.674    	6.386    
10623.710    	3.683    	6.552    
10935.008    	3.690    	6.673    
11255.428    	3.697    	6.835    
11585.238    	3.705    	7.003    
11924.711    	3.714    	7.157    
12274.132    	3.723    	7.284    
12633.791    	3.733    	7.460    
13003.989    	3.739    	7.625    
13385.035    	3.744    	7.741    
13777.247    	3.749    	7.862    
14180.951    	3.752    	7.995    
14596.485    	3.755    	8.173    
15024.194    	3.767    	8.321    
15464.437    	3.770    	8.489    
15917.579    	3.775    	8.680    
16384.000    	3.780    	8.845    
16864.088    	3.783    	9.000    
17358.243    	3.788    	9.204    
17866.879    	3.791    	9.402    
18390.418    	3.790    	9.655    
18929.299    	3.794    	9.933    
19483.969    	3.801    	10.260    
20054.893    	3.806    	10.556    
20642.546    	3.817    	10.829    
