* This data was exported from the Dayton Audio Test System: DATS
*
* Piston Diameter = 0 mm
* f(s)= 658.1 Hz
* R(e)= 3.223 Ohms
* Z(max)= 8.067 Ohms
* Q(ms)= 2.608
* Q(es)= 1.735
* Q(ts)= 1.042
* V(as)= 0 liters     (0 cubic feet)
* L(e)= 0 mH
* n(0)= 0 %
* SPL= 0 1W/1m
* M(ms)= 0 grams
* C(ms)= 0 mm/N
* BL= 0 
* K(r)= 2.245 
* X(r)= 0.04206 
* K(i)= 0.0001174 
* X(i)= 0.7253 
*
*
Freq            Impedance       Phase
1.029    	3.217    	0.419    
1.059    	3.217    	0.419    
1.091    	3.217    	0.419    
1.122    	3.217    	0.419    
1.155    	3.217    	0.419    
1.189    	3.217    	0.419    
1.224    	3.217    	0.419    
1.260    	3.217    	0.419    
1.297    	3.217    	0.419    
1.335    	3.211    	0.360    
1.374    	3.211    	0.360    
1.414    	3.211    	0.360    
1.456    	3.211    	0.360    
1.498    	3.211    	0.360    
1.542    	3.211    	0.360    
1.587    	3.211    	0.360    
1.634    	3.211    	0.360    
1.682    	3.207    	0.344    
1.731    	3.207    	0.344    
1.782    	3.207    	0.344    
1.834    	3.207    	0.344    
1.888    	3.207    	0.344    
1.943    	3.207    	0.344    
2.000    	3.208    	0.333    
2.059    	3.208    	0.333    
2.119    	3.208    	0.333    
2.181    	3.208    	0.333    
2.245    	3.208    	0.333    
2.311    	3.208    	0.333    
2.378    	3.211    	0.288    
2.448    	3.211    	0.288    
2.520    	3.211    	0.288    
2.594    	3.211    	0.288    
2.670    	3.212    	0.228    
2.748    	3.212    	0.228    
2.828    	3.212    	0.228    
2.911    	3.212    	0.228    
2.997    	3.211    	0.162    
3.084    	3.211    	0.162    
3.175    	3.211    	0.162    
3.268    	3.211    	0.162    
3.364    	3.215    	0.149    
3.462    	3.215    	0.149    
3.564    	3.215    	0.149    
3.668    	3.211    	0.175    
3.775    	3.211    	0.175    
3.886    	3.211    	0.175    
4.000    	3.214    	0.215    
4.117    	3.214    	0.215    
4.238    	3.214    	0.215    
4.362    	3.212    	0.247    
4.490    	3.212    	0.247    
4.621    	3.212    	0.247    
4.757    	3.216    	0.249    
4.896    	3.216    	0.249    
5.040    	3.219    	0.240    
5.187    	3.219    	0.240    
5.339    	3.222    	0.244    
5.496    	3.222    	0.244    
5.657    	3.225    	0.260    
5.823    	3.225    	0.260    
5.993    	3.224    	0.284    
6.169    	3.224    	0.284    
6.350    	3.222    	0.304    
6.536    	3.222    	0.304    
6.727    	3.220    	0.318    
6.924    	3.220    	0.318    
7.127    	3.218    	0.329    
7.336    	3.217    	0.336    
7.551    	3.217    	0.336    
7.772    	3.216    	0.349    
8.000    	3.216    	0.374    
8.234    	3.216    	0.374    
8.476    	3.216    	0.399    
8.724    	3.216    	0.424    
8.980    	3.216    	0.454    
9.243    	3.216    	0.454    
9.514    	3.217    	0.480    
9.792    	3.217    	0.498    
10.079    	3.217    	0.509    
10.375    	3.216    	0.520    
10.679    	3.216    	0.534    
10.992    	3.215    	0.546    
11.314    	3.215    	0.557    
11.645    	3.215    	0.569    
11.986    	3.215    	0.580    
12.338    	3.216    	0.595    
12.699    	3.216    	0.614    
13.071    	3.217    	0.630    
13.454    	3.217    	0.649    
13.849    	3.217    	0.676    
14.254    	3.216    	0.711    
14.672    	3.217    	0.766    
15.102    	3.217    	0.801    
15.545    	3.216    	0.807    
16.000    	3.216    	0.820    
16.469    	3.217    	0.848    
16.951    	3.218    	0.871    
17.448    	3.219    	0.884    
17.959    	3.219    	0.899    
18.486    	3.219    	0.928    
19.027    	3.219    	0.961    
19.585    	3.219    	0.997    
20.159    	3.219    	1.016    
20.749    	3.220    	1.044    
21.357    	3.220    	1.075    
21.983    	3.220    	1.102    
22.627    	3.220    	1.121    
23.290    	3.220    	1.137    
23.973    	3.220    	1.161    
24.675    	3.220    	1.199    
25.398    	3.221    	1.249    
26.143    	3.221    	1.301    
26.909    	3.221    	1.357    
27.697    	3.222    	1.395    
28.509    	3.222    	1.424    
29.344    	3.223    	1.460    
30.204    	3.223    	1.515    
31.089    	3.223    	1.566    
32.000    	3.224    	1.605    
32.938    	3.224    	1.637    
33.903    	3.224    	1.676    
34.896    	3.223    	1.729    
35.919    	3.223    	1.790    
36.971    	3.223    	1.837    
38.055    	3.224    	1.871    
39.170    	3.225    	1.925    
40.317    	3.226    	1.983    
41.499    	3.227    	2.046    
42.715    	3.228    	2.115    
43.967    	3.228    	2.174    
45.255    	3.230    	2.205    
46.581    	3.230    	2.297    
47.946    	3.230    	2.396    
49.351    	3.229    	2.441    
50.797    	3.230    	2.523    
52.285    	3.231    	2.591    
53.817    	3.233    	2.639    
55.394    	3.233    	2.732    
57.018    	3.233    	2.801    
58.688    	3.234    	2.880    
60.408    	3.235    	2.947    
62.178    	3.236    	3.050    
64.000    	3.236    	3.135    
65.875    	3.235    	3.236    
67.806    	3.238    	3.363    
69.792    	3.241    	3.407    
71.838    	3.241    	3.475    
73.943    	3.241    	3.576    
76.109    	3.244    	3.722    
78.339    	3.246    	3.847    
80.635    	3.246    	3.959    
82.998    	3.248    	4.099    
85.430    	3.250    	4.184    
87.933    	3.251    	4.293    
90.510    	3.251    	4.459    
93.162    	3.253    	4.563    
95.892    	3.254    	4.649    
98.701    	3.262    	4.797    
101.594    	3.264    	4.956    
104.571    	3.264    	5.096    
107.635    	3.267    	5.217    
110.789    	3.269    	5.389    
114.035    	3.271    	5.596    
117.377    	3.273    	5.752    
120.816    	3.275    	5.895    
124.356    	3.278    	6.067    
128.000    	3.282    	6.254    
131.751    	3.286    	6.442    
135.611    	3.287    	6.619    
139.585    	3.291    	6.804    
143.675    	3.298    	7.003    
147.885    	3.302    	7.211    
152.219    	3.305    	7.425    
156.679    	3.309    	7.667    
161.270    	3.316    	7.894    
165.995    	3.322    	8.121    
170.860    	3.329    	8.356    
175.866    	3.332    	8.600    
181.019    	3.338    	8.890    
186.324    	3.348    	9.129    
191.783    	3.355    	9.406    
197.403    	3.365    	9.706    
203.187    	3.372    	9.970    
209.141    	3.383    	10.279    
215.269    	3.392    	10.640    
221.577    	3.403    	10.976    
228.070    	3.417    	11.316    
234.753    	3.430    	11.697    
241.632    	3.441    	12.052    
248.712    	3.456    	12.425    
256.000    	3.472    	12.811    
263.501    	3.491    	13.223    
271.223    	3.511    	13.653    
279.170    	3.531    	14.069    
287.350    	3.553    	14.521    
295.770    	3.578    	15.024    
304.437    	3.604    	15.501    
313.358    	3.636    	15.987    
322.540    	3.668    	16.536    
331.991    	3.706    	17.091    
341.719    	3.745    	17.671    
351.732    	3.790    	18.246    
362.039    	3.841    	18.821    
372.647    	3.895    	19.471    
383.567    	3.960    	20.080    
394.806    	4.031    	20.705    
406.375    	4.111    	21.343    
418.282    	4.199    	21.916    
430.539    	4.303    	22.531    
443.155    	4.418    	23.107    
456.140    	4.556    	23.605    
469.506    	4.711    	24.010    
483.264    	4.890    	24.288    
497.424    	5.091    	24.408    
512.000    	5.321    	24.303    
527.003    	5.585    	23.878    
542.445    	5.872    	23.148    
558.340    	6.193    	22.115    
574.701    	6.548    	20.536    
591.541    	6.934    	18.288    
608.874    	7.319    	15.332    
626.715    	7.683    	11.554    
645.080    	7.958    	6.930    
663.982    	8.080    	1.800    
683.438    	8.044    	-3.290    
703.464    	7.857    	-8.176    
724.077    	7.549    	-12.415    
745.294    	7.190    	-15.895    
767.133    	6.801    	-18.644    
789.612    	6.420    	-20.609    
812.749    	6.062    	-21.962    
836.565    	5.737    	-22.807    
861.078    	5.450    	-23.209    
886.309    	5.199    	-23.315    
912.280    	4.978    	-23.157    
939.012    	4.783    	-22.787    
966.527    	4.621    	-22.283    
994.849    	4.477    	-21.675    
1024.000    	4.354    	-21.028    
1054.005    	4.243    	-20.325    
1084.890    	4.147    	-19.621    
1116.680    	4.066    	-18.894    
1149.401    	3.995    	-18.165    
1183.081    	3.929    	-17.467    
1217.748    	3.873    	-16.745    
1253.431    	3.828    	-16.046    
1290.159    	3.788    	-15.437    
1327.964    	3.747    	-14.866    
1366.876    	3.713    	-14.293    
1406.929    	3.681    	-13.761    
1448.155    	3.649    	-13.258    
1490.589    	3.618    	-12.785    
1534.266    	3.588    	-12.294    
1579.224    	3.559    	-11.825    
1625.499    	3.533    	-11.330    
1673.129    	3.503    	-10.788    
1722.156    	3.480    	-10.211    
1772.619    	3.460    	-9.599    
1824.561    	3.440    	-8.985    
1878.024    	3.430    	-8.423    
1933.055    	3.420    	-7.835    
1989.697    	3.413    	-7.324    
2048.000    	3.409    	-6.823    
2108.011    	3.405    	-6.291    
2169.780    	3.404    	-5.836    
2233.360    	3.403    	-5.443    
2298.802    	3.405    	-5.039    
2366.162    	3.405    	-4.697    
2435.496    	3.401    	-4.335    
2506.862    	3.400    	-3.948    
2580.318    	3.399    	-3.619    
2655.927    	3.401    	-3.270    
2733.752    	3.404    	-2.930    
2813.857    	3.406    	-2.607    
2896.309    	3.408    	-2.260    
2981.178    	3.411    	-1.947    
3068.533    	3.415    	-1.680    
3158.448    	3.420    	-1.410    
3250.997    	3.425    	-1.155    
3346.259    	3.430    	-0.880    
3444.312    	3.434    	-0.638    
3545.238    	3.441    	-0.393    
3649.121    	3.448    	-0.205    
3756.049    	3.453    	0.016    
3866.109    	3.459    	0.195    
3979.395    	3.465    	0.315    
4096.000    	3.468    	0.456    
4216.022    	3.473    	0.561    
4339.561    	3.471    	0.742    
4466.720    	3.472    	0.935    
4597.605    	3.474    	1.104    
4732.325    	3.473    	1.311    
4870.992    	3.477    	1.508    
5013.723    	3.479    	1.718    
5160.637    	3.481    	2.014    
5311.855    	3.487    	2.208    
5467.504    	3.495    	2.450    
5627.714    	3.505    	2.616    
5792.619    	3.512    	2.708    
5962.355    	3.513    	2.752    
6137.066    	3.511    	2.935    
6316.896    	3.512    	3.169    
6501.995    	3.515    	3.361    
6692.518    	3.523    	3.580    
6888.623    	3.529    	3.783    
7090.476    	3.534    	3.967    
7298.242    	3.539    	4.077    
7512.097    	3.544    	4.285    
7732.218    	3.549    	4.498    
7958.790    	3.554    	4.693    
8192.000    	3.562    	4.826    
8432.044    	3.568    	4.999    
8679.122    	3.571    	5.152    
8933.439    	3.577    	5.334    
9195.209    	3.584    	5.514    
9464.649    	3.591    	5.739    
9741.985    	3.599    	5.937    
10027.447    	3.608    	6.121    
10321.273    	3.617    	6.285    
10623.710    	3.626    	6.452    
10935.008    	3.631    	6.574    
11255.428    	3.641    	6.745    
11585.238    	3.650    	6.919    
11924.711    	3.657    	7.055    
12274.132    	3.665    	7.174    
12633.791    	3.674    	7.361    
13003.989    	3.679    	7.486    
13385.035    	3.685    	7.621    
13777.247    	3.691    	7.732    
14180.951    	3.693    	7.882    
14596.485    	3.692    	8.114    
15024.194    	3.704    	8.244    
15464.437    	3.710    	8.383    
15917.579    	3.714    	8.570    
16384.000    	3.720    	8.710    
16864.088    	3.721    	8.866    
17358.243    	3.727    	9.060    
17866.879    	3.728    	9.279    
18390.418    	3.731    	9.511    
18929.299    	3.734    	9.772    
19483.969    	3.741    	10.074    
20054.893    	3.743    	10.391    
20642.546    	3.755    	10.703    
